305
5
1 1 0 100
1 0 0 100
5
1 1 0 100
1 1 0 100
10
1 1 1 100
1 0 0 100
13
3 3 0 100
7 7 0 100
800
1 13107 5 12917
1 12917 5 13107
376837
580805 1 12 4522477
94374 1 1 34989
18827
9521417 1 10 189194
79035 1 3 96645
123278
6184716 1 10 1233176
59659 1 5 69293
669918
3255587 1 13 8709522
71775 1 4 24568
471537
74105 1 14 6601584
19665 1 2 82759
173932
592924 1 13 2261200
69110 1 4 19660
421832
6634028 1 11 4640403
23600 1 3 28559
571930
8426282 1 12 6863836
90619 1 2 22779
724211
4699617 1 10 7242187
41625 1 3 16697
799518
4036690 9290972 629041 9409319
67 1 0 35880
799796
756517 7342784 1046569 7252879
56 1 0 48271
799911
4647118 8230784 414342 4826291
11 1 0 70867
799135
6436339 6922120 7913867 3346951
58 1 0 83178
799948
6006947 3147310 5573892 8225117
1 1 0 50601
799918
8026988 8815361 8434028 7598893
64 1 0 39039
799897
9897009 8263191 7365771 8027339
88 1 0 69989
799314
496884 5173679 4334722 5846233
89 1 0 43136
799523
6188922 6879499 259817 3927593
10 1 0 23851
799246
7130761 6216496 2575834 7255711
71 1 0 10078
800000
4332581 1738230 8853842 7979057
66171 9761 63488 15137
800000
4184377 726967 7510534 3897703
48427 52570 85560 36214
800000
1261916 2960160 892887 6372013
36813 12955 35356 63252
800000
6663773 2128441 4859555 6731059
20543 89865 38934 40017
800000
9284363 992074 5483194 6912539
204 68884 1353 65381
800000
7880818 5932472 2427109 3877781
1171 40625 63531 758
800000
1202664 8506983 6650965 8225317
16849 36670 96174 1957
800000
1977106 1101999 5354543 3654641
54538 61076 78852 41696
800000
2632603 4852776 6472267 4907647
76494 20607 90885 59066
800000
1836621 1140525 201072 6553111
81410 26408 62566 76085
85311
5188284 3939570 1228251 6839939
25994 48757 11125 4026
766243
1859367 6712730 461813 9019327
53616 49692 34523 55829
236696
7518701 7332604 8479202 5552363
22390 9566 72774 69924
650389
6939878 3942839 2563973 3650069
70999 92765 72611 25629
591488
800604 5311992 4911106 9432653
35609 80010 78381 84061
30607
8238915 2873291 4995481 2805533
6864 13595 65754 77494
509808
3991966 7164969 3905607 2291581
76159 9529 93304 53672
488602
3659121 3525584 7264610 5706221
90319 66026 86533 35477
135621
7571459 4137419 2832095 3250333
33647 16560 68223 46578
319794
3378116 3294995 2218087 6909751
34861 9976 58645 64437
210247
6051782 481944 3834079 7261757
60604 27784 34800 98747
42028
2863742 1027308 7177075 6832697
43653 58041 67418 13075
16115
7377622 4423239 3428119 4522501
4911 14189 68541 57878
396025
5344271 3955475 7015624 9597751
38461 39349 20419 27616
146936
9585491 3114728 5058957 5240117
93365 91446 53995 58733
569406
715433 8626264 7022617 5071919
11793 63977 48207 42093
369832
8104778 837917 9482716 3103811
31436 83259 49740 79698
776203
2976622 4456117 6143950 6643499
78062 26165 25565 44856
136530
4223382 9428945 5027777 8747933
5859 41836 79372 21160
507459
8300885 662483 7070613 2399029
19185 25823 5281 24111
522668
6061790 5003700 5400881 3749377
2694 49433 37712 51952
734168
7525645 2354352 8053222 5247163
64171 53886 58018 98940
377149
994222 2393528 8195902 1094029
89841 38909 47907 41975
260641
7996589 1980053 4750422 4038953
27385 37478 23029 68554
233053
2949978 9538109 1007531 9529259
66507 48523 81355 37185
246076
9561676 6032061 2784150 7419299
87279 32100 72523 83644
395240
3215241 3078718 5962014 6573913
77260 11550 51429 23074
63717
4026285 9909226 1564666 9558643
20485 51023 65154 76716
228115
1947956 7666803 1806824 602233
14879 46203 73907 97827
286701
8668530 1430048 4419280 6657109
36212 69484 51242 6017
363374
7634548 5720207 8196092 5419907
91795 21105 31942 96570
534410
9507852 9152418 5624994 7825459
20196 63431 32808 35189
562563
4654443 8748161 9191633 3725731
88282 36795 35060 68040
796619
4291837 5958271 8068009 9137111
83686 89010 83207 54412
435006
4337863 3083980 5250599 8601653
26949 75433 48563 49887
534487
6748560 6536109 9705083 8502881
82242 41379 60913 72893
102124
7514971 6139260 4296547 5303693
10601 11676 22586 94653
614862
4135212 6824411 7198036 9061141
97292 2715 88671 33798
537584
4463039 8809641 649221 6023939
24112 97877 45363 94587
721656
8977969 8522105 1943305 7129481
67462 56602 69445 87844
6541
6916556 5745855 8621202 9219739
45608 88856 9000 74094
443185
7272779 2378182 7154678 9150907
78148 55142 91013 74569
668610
7344559 1732346 4506179 8756113
42106 36458 78944 24342
401275
9995231 8117 8091766 4100939
59846 44663 45148 42854
302752
91982 8008864 5013407 3750623
57507 38107 43433 55356
135431
5077930 9908269 4697063 2216021
69668 52228 51017 25459
280247
6094389 7193120 6752392 923719
94336 55909 17357 65544
546437
5194966 1300651 2164371 3453283
63842 46248 63455 19520
235800
9113865 8808830 3002909 3986771
79586 24715 12561 62389
191141
5345474 2155104 6137340 2642777
54478 73301 5128 71018
544300
1938233 5065572 2344073 6767687
75532 29891 72264 74660
559354
8263457 3391508 5619627 9540347
48100 71432 65692 42094
778143
2629212 8081024 6527513 5004053
53380 6975 14068 86576
228245
7391623 9651204 5339017 3531989
45436 28993 72266 9931
87878
2434134 6943038 5416039 671537
59074 7519 80583 29387
387522
8154988 9707586 4469347 8902871
45335 87496 21352 7468
723212
846676 8510728 8041917 7246307
17807 11168 566 22104
276195
3932128 2817189 6584557 7016467
33040 72275 99069 18697
563491
4091203 9088671 9233201 7849007
64302 74803 64772 39351
1736
6503797 4999731 2290627 9933701
35292 22216 12964 22864
682725
164261 5061175 245242 7894301
32653 27587 589 25334
200724
4865906 4244571 6534244 7891591
30784 94847 72038 99358
448479
1342497 4800123 8421214 2925151
43629 85572 59123 76741
678754
5022051 651887 3173128 3208867
67423 21451 86736 14753
454314
5028549 799985 574645 5791901
17345 73846 99156 86223
431368
5849416 6126122 9695664 1768477
72036 60999 58593 46642
111272
3950833 2097098 1728066 7251823
32729 79714 67463 77795
362299
1928754 1187061 3499879 6664447
48850 10204 83232 83471
193788
7375107 7988790 7344168 1454711
88929 57515 3430 74658
700932
4853621 2954333 3793331 2722033
35803 48377 76986 12230
553280
2898829 7976810 1797985 5490241
32906 797 79651 56074
610913
5333446 9883715 7006965 2736431
32990 10923 58855 17001
155922
3291360 5326342 3624573 9968951
41900 53964 40180 73822
220793
5326951 3275424 9531491 5962063
17479 81779 42888 50654
111573
2354835 613754 8354666 456611
48305 5089 15756 81495
661672
8037010 4931374 7833802 2071291
76027 35013 8188 39447
5205
3748359 1731255 2832413 9579277
4825 18526 20850 60900
329934
9982771 2795359 8655738 7422683
64588 73545 46117 49844
761144
2894542 4745981 6708222 5964533
64868 6503 69364 65733
457946
3941691 8519620 5251025 5353291
71839 89954 63874 49774
331683
2515554 6318205 3774537 1636637
39029 74109 742 42132
251563
3984759 937479 1303914 9282839
27467 94801 57554 84759
335238
3245321 3989698 5173662 9974369
64212 6824 61281 21369
32468
1212265 3540617 6252738 69499
38979 53009 99324 59141
558407
3792066 7738147 122957 9031807
5179 1111 59406 67209
729196
3140885 8623960 2063822 6055139
91854 92821 2962 23976
701470
1231899 3180633 1557767 7692767
65285 33523 91043 33180
35386
4581157 8310910 2652938 4943723
10340 73634 60308 4200
677825
2564652 5399782 7262727 5812073
48018 54356 40520 14630
629293
5063110 493004 7305389 9835733
52012 6641 87766 8734
591958
5714018 8464751 5445199 9550987
90915 93712 98196 90214
107776
1721168 1059858 4159252 6538507
85462 4155 63706 69001
290888
9661242 4255961 4603570 1195679
50643 24046 62980 32671
465297
5351914 4735557 3049628 8878949
32722 17034 85438 75210
275625
3922046 3167472 3747945 9733903
8070 94446 79739 85817
401680
9881742 5300190 8128316 1227143
12016 27584 2739 94530
16632
4864709 8944027 5748292 8519053
9356 97277 45736 55087
661193
1584072 4631055 388480 5324171
44038 14977 64924 60064
283713
3168942 5799402 627768 5593873
46767 62810 10332 24329
464870
4346585 4292463 1733278 4391591
39424 91042 3128 79862
107942
6228550 8874631 3756357 7981189
84780 33994 71431 7345
757567
5062253 8359896 5208624 8693281
39625 14518 67723 35908
342162
5578821 5617385 4924009 3572189
40541 50843 36776 45817
354502
9725102 7844756 2216225 4246217
55709 33946 57710 59393
271826
5848681 3660734 6561615 9781361
45804 5964 98592 49354
307427
4318005 4186207 9134514 1603183
7451 55191 88630 52175
149538
691914 3485163 9500683 5065603
86794 65005 72895 44384
585116
7903332 8143192 9248568 2818789
68980 36112 70097 78716
158645
3932852 2786994 887114 5226421
22550 55416 3068 94050
684817
6694502 4033510 9261196 2147611
14712 53164 21454 75869
768796
3268217 3435571 6741191 4012381
90911 17965 69552 37076
209608
2748572 2971293 7265070 6082691
66416 72814 62581 40955
44162
4705364 3742884 3666652 2505343
35204 7279 95765 97687
316296
1814769 7001006 1666606 6999799
24279 54373 80257 23128
515963
9084148 6864374 7665347 6658793
90579 79472 37736 72978
280261
5905297 9097849 6367191 1429721
99660 52616 68295 79502
174600
5981718 8587962 3287682 3096427
36832 64100 94151 52683
529660
1630822 1469977 2069247 3971411
53634 28568 2535 56424
732814
6181874 6876040 2702549 8962741
2650 42780 85021 47251
166963
6777301 5587025 4787909 4810483
85156 38666 83607 3322
137858
3816908 1818292 4649478 4414153
91205 21212 25648 61802
50741
9373248 5047671 5793834 2916799
34643 20982 1297 41725
484108
4529860 4822328 524808 7847633
87202 29575 88501 28189
556446
7764167 2743531 4637161 2443667
66590 36944 30885 693
355851
9373744 4609384 6078280 9812183
14819 41649 18505 14986
5842
1326256 3831571 8973515 6286457
50935 89833 5142 57746
281425
6483187 8810595 4560495 1753901
44270 27410 73026 72548
756756
3503873 8785111 2101072 8370787
9316 64372 56186 23609
543405
5544278 5212069 6627925 5296793
98943 75613 62463 59472
399220
433730 8336641 4190405 5784599
60603 25523 30224 73062
108561
4438077 1962028 9715411 9640693
51384 52474 56351 44199
166064
2880009 8749788 9041855 9849127
24293 52992 96169 91331
115659
5923375 7838020 1724339 4822703
33218 38315 71199 77833
148398
8016561 1060099 6967308 7845329
14680 58306 49555 64029
97791
9583212 6597304 2339600 3398627
1504 47370 43316 18777
773857
6277695 1470874 513233 4703291
37366 50160 90220 58168
405326
3687499 7345611 2607937 6739981
11764 54019 25273 96203
335269
3499351 8064746 572911 4023353
23700 59858 39457 82703
182322
5031650 8126031 7696783 6269051
87209 80191 66923 93012
691872
1761520 2251596 5226760 8601823
52127 57735 81527 44375
768403
3371605 2562092 4158468 1665869
50455 70647 81235 30827
485756
6378809 3458574 2717929 4008227
14519 34116 60221 22479
423828
4158372 3229819 5825216 9813521
46667 39113 71925 33721
692094
5266521 7814603 6792948 6262489
37281 10251 31685 8249
355663
3663009 5963528 1579522 3014779
8664 12583 42270 40735
735417
1800155 8692663 8813911 6106207
41759 91859 16880 79710
197068
8844086 5853124 3799467 2568023
91872 18371 20417 46987
566835
205676 4700337 4515148 5243207
24387 65253 78482 79003
619228
8022351 3482320 7632716 7841161
77671 68578 73002 54181
583767
3716257 9254192 9553421 1690019
78839 32822 61833 73258
403054
6075371 909736 661980 4610917
58649 6595 39588 72103
264271
9358848 7084891 7133303 4978199
60146 68078 5949 63893
262616
3276410 4096021 8164101 4048249
61864 48150 88567 22581
316132
8095595 6591949 23847 1815103
14787 90898 10820 20131
583190
248316 5112331 2783051 4007477
79206 6792 76769 80493
710795
2647346 6100657 1416561 2124197
70998 53511 85482 75083
319045
4033431 2830915 705078 2193421
88087 83917 63361 51412
620791
5317505 8818627 1840571 2152399
47941 48256 23185 63735
342962
2237344 7542786 1996774 6451187
56617 12386 38797 5946
331451
3795470 6531800 1699694 8922097
37054 87881 35738 54478
786443
87626 4202626 8807082 1923683
71670 49106 27955 42736
196010
8774318 613918 7674553 8352901
61482 12361 75623 6767
702947
2029889 508237 668553 7583119
41548 23815 95596 11122
366822
5478191 3127005 3925488 9187727
96436 21755 49375 39146
232194
5593217 7115209 89016 4781737
87415 24272 8646 14743
633900
3516515 5640035 8740030 8095441
86927 4222 96681 62501
446972
2178624 7305729 5792821 2531069
75266 56311 29321 74074
26100
7687891 7345777 5053960 4487801
91784 47002 47523 78568
490826
4070072 1127416 6034324 2724719
86690 55980 57557 52510
220265
7622650 9423637 2150413 8682589
92212 47468 77532 36760
4688
9344281 692609 2223838 1453043
56083 79533 90863 43417
685050
4173632 3410559 9188574 6282889
11399 90715 21175 41560
760716
3256351 1611484 8815979 9533179
74419 64323 84746 16381
682262
5608416 8165060 687658 2711399
45022 18980 71504 79453
216342
9344949 5804464 9213475 6496169
64743 3542 9474 40156
552756
4828499 4426048 8279933 9690353
49333 69806 27596 25389
766659
6788987 6722285 5540685 1547479
32279 20581 31144 77933
93571
3362271 4467137 7142765 595481
11890 28173 67012 11974
554699
782502 3717363 3476397 4553851
49536 17757 3698 88122
221815
3897977 2281148 1216581 8044507
88673 22814 98589 84350
331802
5476430 1090505 3383912 7015787
20582 95030 160 99176
151584
5371394 1969282 8800795 8580487
3703 55599 94769 61451
575828
2404285 2418492 8154851 5314117
94755 18116 40010 96425
547593
9799156 7817383 5484531 3474257
83236 27640 8750 81069
705333
9920596 6318926 3944744 8179393
60669 7163 8605 17062
687327
5945446 1228581 2619650 7171259
47097 12546 53877 97438
194553
5770863 5923674 6999039 9119987
18455 40448 24123 42326
407721
8782653 1146615 6868748 5231077
32730 70534 66502 47285
22841
839581 4688924 377678 3143141
31053 28605 4361 73203
623885
671111 4861342 9501914 5980127
18633 80665 98797 27829
443552
1064400 7698489 2742884 5710979
25708 91773 26321 18586
797449
2192088 2169013 1434914 5997223
87653 82448 28877 28447
113276
3677258 113870 6675969 8029909
13361 79754 72611 94157
792343
2462478 3624324 6466030 5071873
36979 86256 23376 62378
50006
1877750 2609670 6895389 5405509
81811 50503 81980 38462
787257
6852137 900923 1386404 4010603
64763 10578 95677 20521
679575
3228222 5225474 4203750 3901217
83074 39223 45263 49101
539087
4110063 6965944 2761286 9846649
42985 93934 53563 37855
427129
6893674 2917790 814566 7920193
25818 95514 60014 81842
346976
3176025 6618983 5462775 3657419
5646 42563 63947 85745
386293
5578388 1680540 2968626 3425507
7298 53688 65656 37094
175191
8881569 3979404 7922901 8677967
39044 84149 97212 13848
733600
4547622 1760688 6146133 6284821
44662 76018 28581 45903
778731
3706164 1800916 5978520 7871207
27118 11705 6908 85465
236161
5880134 6416878 4372490 3933233
55116 76566 36378 81930
332033
849700 6210907 5139030 1266079
32446 70670 50014 68508
489906
3357037 2498527 6951749 6478991
67036 29728 68378 8811
28277
4929591 32874 9045755 3459923
18426 25174 60004 76396
153484
9193125 8806940 3272286 2606753
54834 33056 80548 99239
305391
5580129 5037102 11924 2991299
54848 31654 68874 70647
228905
5363599 859661 501337 4462817
26370 53013 77566 11872
737865
9090309 4711051 421395 9634357
59890 90684 17122 39535
155273
3049473 8473871 3522430 2330771
31458 54187 68523 36770
194495
3927727 1281691 1873076 3264851
76943 56877 98484 62552
425699
661521 368897 2379975 6069067
64529 44238 82852 73772
743193
4629066 3186695 5475779 3622511
90359 85420 89158 67869
556039
9174374 8067043 7675312 6829729
98587 35926 6332 28158
325090
4473635 6650164 617383 7047277
96345 36293 74634 71454
446842
5384103 9160440 6242091 9520793
76296 84176 45356 72115
84178
6640520 4101026 3319292 7279199
1499 8616 64213 63731
595993
1404508 1095398 1462461 6214751
46267 23039 7917 71333
96998
1661979 3915679 5075979 2906549
99284 1857 27886 82511
460160
1035446 1592362 4729973 8105711
10757 65826 15937 75493
582345
222329 7577575 7114137 6001447
9330 84145 61996 29519
415119
4290868 263406 3730155 5072803
61282 26840 11672 89514
305507
6031502 1044535 2936786 5074423
45656 51889 41081 64845
788829
9498753 6147775 59858 2705863
32363 51971 34743 82543
123330
2885125 4754653 5353431 5002157
59708 59359 65422 57387
753208
5056419 2460242 2536661 3503869
80172 20090 37841 2145
202061
6818117 8820143 3299423 2465951
51168 32602 16943 99213
656811
8931535 2052465 5971352 3381101
18581 38659 20138 19510
218104
1513191 8001262 2670452 8522237
61215 62192 85730 60037
185508
3246021 6003133 8567629 3995647
96708 52939 83624 28414
56563
7686813 4146006 5416153 7503211
99664 31074 60226 8175
486662
3825826 3270761 4143198 7129261
16490 82961 99312 51790
74387
1392881 8899251 6165704 3539713
74238 77093 87275 90940
20095
7889401 2178548 5971737 3940021
2841 62563 80585 14240
454203
3501522 6877404 5610012 4948883
50507 58204 73723 47781
583762
2239480 7735643 8943983 6080311
28658 89360 12540 24320
425482
1159449 7682974 3316987 8272333
67354 39660 40348 48488
675842
1390196 6023568 9623088 6551393
94079 33053 11215 79086
343742
1936729 1585847 5992258 4474241
23228 23330 45444 36073
569801
5028564 1436635 1433788 1490527
63091 88297 87997 47576
108290
250714 1726083 9424014 4635083
98705 17630 73253 30540
103184
4668499 9335148 1549345 3325351
947 91885 28620 78092
45114
5005978 2108148 8470666 3274879
97280 82300 69616 67891
286961
8385198 3987078 2169189 8017643
55037 6417 39137 86313
234207
7592124 1753418 8121038 1987247
98959 51187 51737 52247
82317
3563391 7917723 6312543 8390549
60259 52603 51311 96035
490500
6505831 7242242 5238425 7618073
58271 66311 45371 54712
763740
4321664 1435286 9450425 5494277
77738 82822 28133 23776
225780
2309498 480333 7120626 3493367
81133 44159 80440 29688
409410
6458687 4538396 8193941 2712709
94584 3171 61694 29977
464409
5099568 3841791 735959 2948861
60641 90781 3122 77851
354645
5201287 4307708 577715 3265151
15311 3900 30092 16343
141758
6562056 8151980 1573018 7624009
25341 282 71838 49474
585263
1436762 4243371 9164422 9335789
13113 73368 70033 56492
48492
6002191 5944053 7517882 5934571
78233 73102 30693 49941
224230
868223 5015144 8006892 2440153
84534 39226 25142 40985
485654
2369747 1851466 1404737 3987323
89794 36569 94719 37136
22576
8289710 4616340 7242784 6051289
89763 38728 14814 51661
779574
4428987 1879449 156801 9414673
2425 43645 7441 94460
544142
8066734 5833271 2429882 7326203
4838 34764 54516 150
376239
5119320 4825672 9774660 6825901
1600 24334 93269 64903
67187
5622716 952445 2931527 8979787
42721 42540 29087 52325
38341
6370342 4120876 7474990 4328851
27728 11714 69542 60854
629869
4073544 9372971 8938912 1924903
3054 33384 13144 56002
2364
8174725 3509747 2855021 1065901
24608 21670 56859 25441
517276
3679909 725989 6219138 4563679
9288 73488 73962 44632
46139
6724530 9496413 8881427 892421
49792 9470 32051 39693
123060
1447929 6188878 7591103 2399119
98414 3581 92137 81637