100
4 2
5 2
6 2
1000 1000
1000 1
1000000000000000000 423539247696576512
999999999999999999 499999999999999999
440775209966815784 411545165044793714
527005818149109946 422797305236047995
999999999999999999 423539247696576511
662383864922880196 555786868071709297
982581957280567383 862786401546546138
880397511216532616 767199959831289536
885128415231869567 856347030617222160
999999999999999999 1
720751761069678169 657682215966715533
1000000000000000000 288230376151711743
2 2
579526420121587965 441905372645161345
500000000000000000 144115188075855871
999999999999999999 576460752303423487
978181357093747066 851076405915487551
999999999999999999 2
1000000000000000000 500000000000000000
500000000000000000 127
485801297095951957 429004446742094415
763906533702680931 632369349724986950
975963004192892303 944835123206277953
796393458497575364 662701380850382038
3 1
1000000000000000000 999999999999999999
999999999999999999 529476963549999671
500000000000000000 288230376151711744
999999999999999999 999999999999999998
999999999999999999 499999999999999998
500000000000000000 249999999999999999
500000000000000000 1
294768208258196885 247221999828744006
999999999999999999 423539247696576512
1000000000000000000 499999999999999998
1000000000000000000 2
361068531299749027 305407638600233482
983983885545040741 848795214772990284
972104983429682289 746404473096396772
999999999999999999 999999999999999999
270669157265870568 236058549542468217
695606359084007740 586966192414130428
1000000000000000000 1
1000000000000000000 127
1000000000000000000 576460752303423487
592891457375624944 549556845327010421
500000000000000000 252586192826630493
685914271970055279 607804422616489555
1000000000000000000 499999999999999999
999999999999999999 288230376151711744
999999999999999999 127
778567029670055656 709056280068831742
1 1
909285847717714186 784827872720967164
500000000000000000 144115188075855872
782316243401792953 638599350733786790
500000000000000000 499999999999999999
1000000000000000000 1000000000000000000
275945094994527124 254580770040838393
999999999999999999 282006812979641073
4 1
500000000000000000 250000000000000000
1000000000000000000 308777711788688534
1000000000000000000 288230376151711744
2 1
999999999999999999 576460752303423488
500000000000000000 211769623848288257
500000000000000000 288230376151711743
500000000000000000 249999999999999998
295590504708751306 273929807492130050
947015040422490790 806671748835220889
1000000000000000000 576460752303423488
500000000000000000 128
1000000000000000000 286360665808637594
500000000000000000 142755751156393121
999999999999999999 288230376151711743
500000000000000000 152114388112219503
535916175890348007 421916364451675768
500000000000000000 211769623848288256
1000000000000000000 571079823129318041
500000000000000000 500000000000000000
999999999999999999 128
500000000000000000 2
999999999999999999 499999999999999997
390226558437461372 332912302200896281
3 2
5 1
497896964780923492 378767454367910330
1000000000000000000 128
706074589729227351 591556225380600529
711403500677016416 548287403529357327
1000000000000000000 423539247696576513
999999999999999999 332843428372422008
455926794521404862 374290623394738425
342426082446035113 291740030634680631