4
3 100 1000
3333 3333
4321 123
1234 567
4 0 50
30 30
10 10
40 20
20 40
7 61 34
241 69
924 30
580 70
649 68
453 15
599 82
242 81
20 167851000 757147
336971124 301413356
160567225 659598368
4890851 391749387
26239572 35766290
597006 473038164
326051436 3615544
118341522 392289610
37215528 170427798
168544290 675016433
950090226 683447133
116752251 82426872
706221268 194041604
257655783 69909134
21417562 84970743
40873980 37379060
80835680 8670528
653352030 436291072
374079500 106923810
86546364 466701606
480572136 247776867
