100
4 3
4 5 6 4
4 2
4 5 6 4
3 3
1 1 1
100 3
31 61 76 62 38 85 83 43 43 82 67 74 45 88 4 75 20 68 2 27 20 41 5 85 33 13 10 4 4 67 7 98 52 13 79 65 34 22 61 64 59 44 91 89 52 19 76 48 39 80 61 50 82 89 34 91 16 94 16 38 28 14 67 43 83 68 4 89 10 55 97 1 26 34 86 79 71 48 67 2 77 40 7 65 94 38 40 89 34 56 77 89 25 73 49 77 45 55 64 84
15 3
89 25 28 41 13 97 77 87 10 13 58 37 23 94 8
29 3
53 7 53 85 56 75 29 86 35 9 53 47 92 2 52 8 3 33 38 31 38 4 25 71 44 81 76 41 68
25 4
15 33 93 70 55 85 5 9 53 14 53 81 6 55 34 49 63 13 14 69 68 89 16 3 57
100 3
9 16 45 67 31 69 70 41 83 84 47 13 14 48 85 27 43 11 72 47 58 15 54 63 21 19 13 80 50 29 11 26 64 10 12 80 9 57 76 93 47 9 61 52 95 77 2 49 24 29 16 33 31 92 23 26 90 87 65 21 92 43 22 25 45 18 28 84 56 58 2 63 23 19 90 20 3 23 96 16 67 55 14 57 83 98 43 76 49 22 87 73 90 56 55 38 53 22 24 27
100 3
67 2 62 29 28 55 82 16 17 70 35 25 43 17 16 14 71 83 70 67 80 10 82 89 53 31 37 7 17 19 28 70 44 55 49 86 92 10 25 88 34 80 89 46 34 82 82 20 92 89 67 26 32 23 1 20 94 59 31 49 68 38 37 22 61 28 88 13 14 64 56 94 2 79 53 68 32 55 94 2 2 56 83 13 88 95 40 44 14 26 85 86 58 65 10 88 55 16 17 7
16 4
19 95 81 79 53 49 49 1 77 57 43 47 17 55 83 19
14 4
1 53 29 3 87 94 91 95 17 57 3 29 9 55
100 3
10 91 22 77 16 7 5 58 53 56 52 67 16 58 77 20 87 13 10 98 56 7 50 30 49 67 91 70 61 37 19 50 26 47 59 64 89 13 13 45 53 90 64 90 22 70 70 85 61 55 7 13 76 22 23 5 70 31 80 72 43 31 34 4 61 33 76 70 81 70 83 87 63 7 94 40 85 97 52 46 52 51 22 16 76 97 64 97 64 47 22 22 4 1 90 8 76 37 52 50
100 4
82 65 89 22 83 24 23 54 43 26 27 57 9 59 95 72 81 79 46 90 67 21 11 35 67 28 1 27 51 2 77 58 14 22 30 63 67 82 86 14 51 35 51 27 71 6 38 56 51 57 75 87 51 28 73 26 90 82 19 92 51 71 10 49 3 82 55 19 6 95 11 75 95 6 45 15 67 57 70 43 91 9 47 38 34 74 46 27 34 11 43 63 47 38 2 27 27 35 89 14
2 3
53 2
24 4
42 97 54 1 11 97 71 3 24 77 70 1 23 96 59 17 29 72 18 88 74 59 36 31
1 3
83
1 4
84
15 4
13 95 41 25 1 77 15 77 47 83 56 73 37 49 87
18 3
8 59 58 70 16 55 49 47 5 25 26 23 69 80 94 15 23 61
3 4
90 94 34
100 3
43 29 14 2 52 16 61 4 40 52 40 81 4 40 52 71 59 73 19 56 49 4 68 78 5 28 37 67 28 60 40 82 97 45 43 46 71 25 59 16 97 33 46 23 45 25 55 8 77 37 53 35 35 22 56 28 49 20 38 31 29 3 82 89 29 50 46 37 49 95 91 25 13 85 34 63 42 70 28 58 83 69 37 23 22 47 41 49 22 11 91 97 67 43 61 68 77 42 22 8
15 4
67 91 14 9 17 3 67 51 43 7 77 1 47 3 61
100 3
25 35 82 74 29 50 5 41 67 85 91 31 86 28 47 23 88 16 94 97 29 82 52 49 50 76 70 98 86 28 94 89 14 62 85 80 65 38 95 31 70 13 95 23 46 47 37 28 80 14 34 16 58 80 80 58 71 83 28 38 86 74 43 67 7 53 7 85 46 64 94 28 85 88 35 85 2 32 53 35 56 79 88 77 31 59 95 83 49 52 77 10 8 44 16 83 56 56 70 5
1 3
19
13 4
41 17 21 80 57 29 23 15 53 11 27 27 35
17 4
79 35 41 13 29 21 9 65 37 25 13 47 90 63 90 15 42
16 4
97 8 87 27 67 75 89 79 61 4 92 24 25 88 29 43
21 4
86 70 65 22 1 21 13 81 93 6 94 37 17 71 87 75 83 91 83 3 92
16 4
79 93 67 39 28 21 43 19 14 33 27 67 25 27 73 11
12 3
97 55 89 74 64 36 70 62 58 82 38 68
100 4
82 25 57 71 14 62 23 11 37 9 5 58 94 86 13 54 19 21 73 51 94 78 35 46 82 26 10 46 21 90 95 18 82 73 74 79 38 33 17 61 75 31 97 73 54 23 1 43 93 53 7 9 77 29 26 23 67 29 31 67 87 51 75 17 31 33 65 31 9 10 47 26 11 6 26 21 78 39 66 17 47 65 58 87 2 63 75 91 55 21 23 2 90 41 79 6 21 26 75 37
100 3
80 31 91 7 71 58 6 83 38 29 13 11 17 59 79 23 98 67 20 56 77 8 29 74 45 2 95 8 5 88 59 17 59 68 50 73 86 86 53 16 5 28 68 37 85 88 22 10 61 70 98 20 44 74 34 71 82 14 5 65 13 38 49 29 29 17 71 87 37 49 83 77 50 17 35 23 63 5 11 89 36 51 25 33 86 98 67 14 4 32 56 8 83 7 96 31 29 58 98 58
1 2
15
31 4
29 89 97 49 92 75 81 29 8 41 49 11 71 65 81 64 73 89 13 65 95 87 33 30 97 64 67 16 89 25 45
21 3
32 98 79 70 8 5 25 65 86 47 38 83 14 46 80 47 1 11 88 82 38
17 4
77 66 33 65 3 7 37 61 3 29 4 1 7 63 59 43 47
2 3
22 37
100 3
26 58 66 56 74 58 96 32 53 80 26 82 38 47 35 64 26 92 38 53 11 83 34 77 35 91 73 77 95 37 61 65 61 53 23 65 8 16 38 11 98 28 16 32 40 14 71 38 26 88 60 35 77 80 17 8 86 41 31 20 86 20 66 23 65 92 29 15 28 28 13 62 75 26 61 64 7 93 35 77 71 42 5 7 80 65 2 94 37 74 75 23 37 25 31 47 35 25 4 43
20 4
91 59 52 60 19 33 75 90 69 89 67 27 95 12 97 81 69 45 32 84
1 4
13
100 3
92 21 52 77 5 43 7 96 65 95 35 11 52 83 16 75 89 26 74 76 89 80 47 20 6 57 14 40 41 26 44 41 17 62 98 74 14 11 35 62 86 94 14 5 4 2 86 47 31 77 89 35 26 92 5 41 89 59 56 89 4 58 46 94 37 74 88 2 59 80 38 32 74 58 85 25 67 6 31 67 47 67 74 26 1 11 52 28 80 74 26 78 86 2 41 43 80 14 74 80
3 3
98 89 35
22 4
13 11 66 26 41 57 17 30 70 43 1 51 41 45 79 22 6 11 39 55 89 7
100 3
61 53 71 53 67 41 89 58 70 40 4 89 29 4 44 73 31 37 10 98 95 71 92 4 46 90 24 10 82 40 97 76 70 25 2 52 3 86 55 1 67 46 46 1 62 42 33 3 88 58 61 45 49 43 77 91 60 10 7 94 44 22 74 22 84 79 16 75 34 34 88 22 55 12 55 98 10 52 97 31 70 58 54 94 52 89 9 77 40 63 82 91 1 44 61 20 52 51 44 10
2 4
58 26
100 3
82 92 62 98 62 65 53 35 88 69 26 38 43 38 31 19 47 98 92 10 98 28 86 28 28 98 47 14 29 2 77 41 43 23 5 42 97 62 46 98 22 78 41 77 67 56 91 17 87 11 22 56 44 38 52 31 97 5 22 43 3 97 71 43 4 13 70 26 5 98 62 15 44 79 89 18 14 44 73 52 44 47 2 33 91 23 16 41 8 58 88 41 19 65 58 8 11 47 70 56
25 4
71 29 75 78 19 95 39 23 19 15 3 95 79 44 47 3 73 69 35 7 69 21 23 11 39
2 4
43 23
100 4
61 53 81 23 77 33 78 53 73 15 32 51 67 61 11 90 25 65 9 37 85 65 22 13 39 91 93 29 57 89 5 33 78 77 1 81 2 81 49 31 53 41 97 24 81 97 93 33 59 67 8 25 83 45 69 53 78 41 65 22 1 78 53 89 26 41 39 84 10 5 39 69 27 34 26 77 13 73 73 46 56 39 63 6 29 89 29 26 94 49 47 30 13 87 93 90 73 30 89 33
17 4
66 15 20 87 21 92 72 49 25 91 72 79 13 80 61 55 35
18 4
13 46 69 65 91 7 79 46 2 23 22 37 67 25 34 23 23 21
2 2
91 17
1 2
64
100 3
94 64 29 5 53 44 32 64 13 11 25 17 40 30 92 29 21 64 80 96 92 9 8 19 74 17 41 43 5 17 12 95 58 71 34 83 32 71 62 38 16 50 49 17 59 14 68 77 71 3 61 40 35 23 19 53 95 89 82 86 92 86 33 38 63 55 70 65 82 45 62 86 84 71 13 89 73 25 89 62 68 89 29 74 23 5 11 2 88 86 5 44 50 9 80 63 1 56 65 59
17 4
77 49 83 59 17 79 11 57 18 35 29 43 9 39 69 59 61
100 4
33 28 82 91 12 49 33 30 59 52 26 92 7 73 97 59 49 43 2 66 86 20 84 65 83 96 36 51 85 62 76 97 13 20 83 17 72 66 63 56 78 2 55 38 77 17 53 16 96 54 42 18 19 75 38 41 30 25 80 95 53 46 54 8 15 43 51 11 48 47 24 53 70 52 69 5 57 30 80 69 62 88 5 84 23 1 74 63 28 31 95 15 15 26 13 80 47 80 26 82
100 3
62 19 86 61 58 49 71 38 26 55 71 29 82 1 38 73 34 1 94 50 28 80 14 76 14 13 23 43 85 41 58 37 17 79 76 52 88 38 34 49 91 11 82 41 31 4 88 67 43 16 82 50 73 58 85 64 22 37 56 22 91 74 13 28 20 80 19 16 16 91 92 2 14 13 37 40 43 23 52 50 28 72 49 59 43 31 61 87 35 44 70 42 25 52 61 83 31 7 91 68
1 4
71
100 4
74 73 21 54 5 15 34 81 6 92 37 29 77 62 61 89 10 46 63 75 57 65 74 70 26 25 33 37 66 77 37 37 37 6 69 97 20 94 21 85 2 37 30 13 5 81 58 64 49 14 13 38 71 41 93 9 75 73 11 80 50 25 1 93 65 85 81 57 21 83 85 61 73 1 69 44 25 14 41 25 97 13 85 53 6 8 70 25 62 62 26 57 34 50 5 6 9 75 46 86
19 3
73 5 51 20 33 51 35 22 29 4 24 4 59 10 16 7 5 38 25
2 4
13 41
100 3
97 82 80 92 94 53 22 71 89 86 23 88 3 13 68 95 96 85 12 37 58 92 40 47 24 65 2 32 11 22 50 77 62 57 92 26 38 29 85 38 89 44 29 15 91 17 14 68 29 58 47 61 86 83 37 21 4 20 62 38 62 44 61 34 44 98 67 42 38 33 62 76 76 91 77 35 41 95 67 2 59 60 98 71 95 73 21 77 27 24 65 66 65 59 77 31 52 23 35 14
21 4
49 35 87 47 33 63 31 35 8 55 79 73 34 21 47 87 7 48 95 29 3
100 4
73 33 1 95 73 67 62 24 91 66 77 89 14 21 62 57 77 10 13 41 14 6 57 37 51 30 93 5 14 84 43 81 61 82 9 49 73 69 45 89 65 37 67 81 82 63 41 9 30 35 5 66 67 6 45 77 61 53 77 41 29 53 1 66 35 94 21 15 82 2 10 69 38 18 69 94 47 24 46 26 87 94 61 2 15 27 21 47 19 18 85 32 22 93 66 69 39 82 97 34
100 4
14 26 58 62 2 97 29 30 51 13 9 41 49 87 15 9 86 29 58 87 21 74 39 11 61 62 86 47 35 94 66 85 43 82 97 78 49 81 7 46 9 62 38 85 97 3 57 22 71 97 83 39 82 74 15 86 7 55 67 31 3 12 57 10 22 39 63 1 1 50 79 74 79 71 85 35 82 95 50 37 61 74 58 43 54 49 83 47 41 73 57 57 43 61 22 18 65 67 83 69
14 4
45 35 89 31 51 41 61 69 33 25 21 29 31 87
1 4
30
100 4
79 51 27 58 19 55 83 87 19 86 3 6 27 70 59 11 57 51 35 11 76 67 15 75 89 49 59 71 19 46 55 63 6 22 23 3 70 37 18 51 71 11 39 94 23 35 62 6 59 3 78 74 56 95 35 26 85 63 82 71 34 94 30 86 15 41 86 3 37 31 14 65 29 3 56 14 46 96 18 79 81 50 95 3 15 14 23 21 19 50 91 83 55 35 16 52 31 37 23 55
19 4
29 73 55 37 19 36 63 96 35 64 36 89 91 35 9 43 1 96 77
36 4
27 91 45 49 59 19 93 56 12 75 34 2 27 87 12 36 78 35 1 58 27 51 67 91 18 57 83 65 23 7 39 71 40 75 18 47
24 4
35 28 43 51 35 81 7 3 75 39 83 39 23 89 87 3 91 5 1 37 11 59 95 71
13 3
34 61 2 22 47 83 2 25 61 91 95 91 44
100 4
89 73 22 61 95 65 88 85 21 18 63 22 43 63 27 31 15 6 12 67 6 70 95 77 87 38 43 28 85 23 77 85 38 61 81 75 3 83 10 26 38 77 15 53 39 83 33 19 71 94 11 34 66 35 93 57 27 7 75 27 59 29 7 60 46 71 3 55 46 27 87 7 47 23 35 1 15 31 34 30 83 47 96 50 31 78 71 31 63 31 31 83 97 51 67 18 82 35 20 41
14 4
1 17 37 19 67 63 1 89 67 47 58 11 36 49
4 4
75 47 79 27
100 4
95 32 49 65 41 6 72 13 87 50 58 9 53 28 53 64 15 91 94 73 69 25 6 38 21 30 56 78 65 70 41 85 88 47 30 32 45 86 14 5 63 85 81 49 67 13 89 27 25 47 10 62 59 14 89 1 86 37 73 56 86 14 1 45 41 53 21 9 97 95 58 71 52 38 2 41 66 69 49 51 2 53 89 62 25 30 9 27 17 43 49 46 86 39 29 45 74 2 33 7
100 4
14 83 81 87 59 51 13 93 43 14 22 21 58 71 79 67 23 7 11 54 91 55 3 42 29 50 74 45 23 7 19 87 47 27 87 83 55 51 71 72 3 54 59 45 14 23 83 87 31 54 31 62 14 75 11 61 59 76 51 14 75 90 74 65 67 83 14 14 27 50 36 2 68 97 77 68 14 62 75 41 25 11 23 90 67 87 19 34 59 83 67 27 94 79 26 40 7 74 58 31
27 4
48 19 35 58 59 39 45 3 74 13 95 75 19 19 7 59 17 91 11 51 63 33 42 3 75 47 89
16 3
32 50 65 85 37 86 83 49 91 61 3 11 4 19 31 94
21 3
59 68 89 73 11 86 10 65 50 17 62 44 80 49 86 80 7 46 92 40 5
18 2
36 18 25 28 54 97 18 77 99 49 25 9 10 30 6 46 94 65
30 4
87 63 20 77 60 97 3 23 13 24 63 35 39 35 47 47 71 91 29 19 1 4 43 27 11 75 12 21 23 67
1 3
75
13 4
97 71 57 85 11 83 39 49 33 41 31 55 95
100 3
58 32 30 19 91 35 82 19 46 64 37 79 15 4 77 1 10 43 19 82 21 13 33 34 37 40 37 10 31 74 79 25 56 31 4 12 98 44 96 91 26 11 74 67 16 46 38 32 95 85 73 30 13 65 62 37 71 28 14 88 50 37 58 31 25 7 46 68 55 28 22 49 47 3 7 98 13 84 65 10 14 52 6 42 91 91 16 76 79 26 26 85 59 43 17 69 61 61 2 4
17 4
85 89 43 81 55 79 1 71 63 27 11 75 75 53 37 43 71
25 3
83 93 97 96 50 3 40 19 14 98 40 10 7 67 40 70 59 28 82 28 62 34 31 20 44
16 3
52 29 11 25 19 4 71 58 98 73 64 32 23 43 65 35
21 4
43 5 33 78 37 25 86 93 7 70 9 34 29 85 67 81 87 91 57 29 63
22 4
35 22 75 77 92 25 16 75 82 55 21 66 59 48 88 65 10 21 74 86 9 40
11 3
68 85 91 2 61 70 95 58 17 69 11
19 2
90 90 69 31 55 90 28 26 52 31 50 90 51 75 19 78 42 97 15
3 4
95 87 79
18 4
53 65 95 25 15 17 85 25 55 50 43 41 89 13 95 5 53 39
21 4
37 15 13 18 90 15 26 91 97 13 93 90 91 57 33 19 8 13 10 2 89
100 2
8 54 98 61 91 2 25 43 30 91 62 51 55 62 73 8 31 23 96 41 96 11 60 64 85 27 49 70 51 86 75 36 13 79 21 77 22 56 52 6 28 77 70 13 39 21 82 71 11 15 46 12 68 27 18 89 21 34 22 85 88 80 22 71 95 9 32 88 8 84 87 21 59 61 52 9 6 47 60 55 50 34 77 88 42 74 29 73 58 76 31 9 54 94 92 23 98 21 77 34
20 4
15 49 68 31 63 81 85 89 77 1 93 9 29 47 53 75 65 69 20 85
16 4
45 15 78 22 11 93 11 47 92 71 17 5 79 94 37 29
100 4
91 75 63 21 38 3 89 87 64 90 22 87 58 70 63 87 2 15 19 67 56 37 87 19 59 95 38 14 82 44 11 83 27 30 86 84 37 80 80 17 79 6 7 29 86 70 3 93 3 7 86 63 91 75 93 42 63 26 87 52 55 1 79 15 23 94 90 36 51 18 67 43 96 35 70 24 47 71 35 74 91 71 67 67 25 51 71 46 11 24 45 8 51 49 30 70 70 38 70 3
16 4
91 21 71 91 37 67 16 21 59 55 91 45 61 21 17 11
