100
4 3
4 5 6 4
4 2
4 5 6 4
3 3
1 1 1
100 3
46 91 19 76 59 7 53 16 14 13 11 47 16 58 64 35 78 2 7 37 80 27 80 16 22 80 79 98 37 17 34 58 5 37 31 70 55 13 62 22 72 88 8 40 37 85 98 43 30 37 43 77 59 73 76 52 92 10 80 79 46 70 35 34 46 39 53 91 31 22 40 28 1 47 37 56 79 49 7 88 94 73 4 16 63 10 2 89 31 4 31 88 22 88 68 40 52 88 40 82
100 3
47 9 71 50 17 5 8 24 94 40 95 25 40 44 14 11 71 8 32 10 53 77 67 73 77 92 59 72 58 47 26 73 1 1 62 37 2 33 35 75 37 32 67 71 47 77 38 2 7 92 9 29 89 65 37 83 47 40 20 67 11 86 6 32 33 61 67 11 82 29 98 12 12 80 80 1 13 3 46 44 60 50 59 85 50 71 37 92 4 4 52 17 80 77 1 26 40 92 44 86
24 3
71 85 44 4 61 79 4 58 9 50 88 92 1 97 4 27 92 10 19 67 12 84 46 19
100 3
17 56 73 70 46 89 74 79 67 62 98 59 20 58 13 64 80 29 94 32 68 1 29 91 1 31 65 37 61 50 73 1 41 47 5 20 85 76 43 26 37 25 55 23 32 88 91 71 20 73 13 55 2 2 23 46 14 91 38 44 5 61 22 61 43 17 22 7 20 19 41 46 94 43 2 88 88 4 58 31 23 11 92 71 74 34 80 59 31 89 25 11 29 64 46 35 41 50 26 17
100 3
31 67 46 13 64 11 4 21 88 61 31 7 22 89 12 53 97 13 61 48 38 93 79 24 31 43 4 34 68 71 86 17 40 58 26 79 85 28 94 14 91 58 37 40 61 60 67 84 70 55 32 58 82 86 6 2 55 73 9 65 63 37 52 88 76 58 94 46 76 56 27 2 37 40 22 80 43 64 67 43 55 53 1 25 19 91 6 91 59 62 30 68 75 49 40 82 27 55 58 74
100 3
77 77 53 77 79 92 71 13 38 75 49 64 41 89 14 26 58 26 35 7 49 74 62 77 44 95 10 94 77 2 91 17 67 47 82 44 44 65 80 80 11 62 90 32 34 29 95 25 38 38 62 21 41 5 44 89 53 14 23 43 95 77 10 54 61 46 68 70 45 59 68 84 47 74 58 43 5 8 65 80 44 23 84 18 38 88 62 33 19 22 26 77 2 38 64 8 77 83 49 11
100 3
88 61 49 56 73 70 62 19 97 29 37 5 79 64 72 79 77 84 1 55 86 40 67 4 61 49 37 83 86 91 91 48 37 43 85 24 35 17 13 61 95 56 12 13 72 64 34 2 37 91 55 29 79 46 64 65 65 76 32 61 80 88 28 68 41 67 60 88 4 86 28 38 4 29 90 4 42 1 41 85 22 46 55 79 37 31 46 40 79 58 71 4 73 94 54 79 25 43 85 4
100 3
62 11 95 11 98 53 2 23 17 77 56 19 37 68 40 21 39 13 70 13 29 47 38 27 83 26 40 51 83 89 56 26 18 8 47 85 29 98 79 59 74 85 41 43 64 81 74 44 33 22 98 1 10 9 34 65 14 44 71 62 71 89 77 56 85 59 2 77 5 5 26 26 2 38 92 17 22 35 79 63 87 24 35 1 71 77 38 44 87 47 77 5 61 10 14 38 13 26 82 20
1 3
41
100 3
80 46 91 22 15 55 64 28 68 16 1 70 38 43 68 92 32 35 88 41 53 58 36 55 50 86 34 52 70 64 82 41 26 46 52 85 25 94 70 59 57 28 11 7 59 63 90 75 85 85 6 76 5 54 16 49 95 44 80 31 43 23 94 28 55 34 19 10 5 16 17 91 31 19 21 22 44 98 87 46 4 93 82 29 13 28 7 32 37 55 61 46 31 1 65 24 52 27 81 61
100 3
91 35 60 43 74 39 62 7 26 65 6 58 94 50 84 43 64 15 54 74 78 94 18 84 95 11 80 34 50 8 2 77 38 8 39 50 62 83 25 7 67 77 13 66 70 32 5 16 26 52 24 19 74 73 68 89 59 23 77 91 53 98 26 34 29 32 2 53 62 86 32 32 8 35 51 61 23 47 53 8 11 23 17 35 29 70 41 80 57 83 47 66 43 35 65 59 53 52 95 39
100 3
94 31 70 45 16 37 29 75 82 29 92 34 5 64 73 23 29 82 52 35 17 76 82 93 37 4 46 31 16 94 94 43 39 74 25 59 17 31 13 28 61 14 70 40 28 2 17 31 89 60 97 22 55 11 56 20 10 74 50 70 34 40 17 50 14 7 58 94 60 18 25 82 14 40 50 4 21 41 29 51 97 12 88 29 22 80 10 61 55 63 67 62 97 52 88 29 4 79 61 28
100 3
83 17 20 70 70 20 2 17 23 11 65 23 67 61 71 84 44 10 46 20 92 23 95 18 28 44 41 74 32 8 38 97 41 51 54 56 47 86 58 32 17 8 11 59 35 83 73 68 20 62 38 86 98 26 22 14 58 90 21 53 38 17 14 80 5 11 23 98 11 44 37 14 94 75 44 95 31 82 52 61 8 66 59 72 51 68 73 10 64 86 17 11 51 25 14 71 31 8 26 6
17 3
53 10 50 89 3 38 58 23 15 58 65 19 11 31 69 91 81
19 3
31 13 59 85 61 26 67 89 11 85 85 97 43 10 22 53 53 65 53
1 2
83
100 3
78 68 26 16 68 88 29 55 29 47 35 20 26 1 71 8 50 43 29 76 96 34 86 36 53 8 92 77 95 86 25 49 86 24 97 98 55 29 35 29 78 85 73 92 38 95 62 83 71 79 68 86 53 68 38 71 52 53 39 51 68 91 62 22 71 92 14 38 29 89 43 17 46 59 79 49 86 71 86 56 77 86 35 43 77 52 37 53 47 41 31 23 10 71 7 47 55 74 14 67
100 3
81 8 16 47 80 71 70 68 2 28 30 23 62 64 59 51 7 33 10 74 34 95 83 85 65 40 19 38 61 23 22 82 47 38 62 45 64 86 8 13 53 21 91 29 48 80 29 79 27 68 98 62 60 61 82 35 55 27 92 74 61 26 32 86 77 47 50 40 96 38 55 1 47 38 92 89 47 18 35 82 35 89 14 26 11 45 53 65 35 23 29 91 47 43 29 85 55 2 80 35
100 3
89 73 16 4 29 92 84 23 25 35 40 56 37 31 19 76 86 10 49 85 95 20 94 52 95 55 83 25 16 76 10 78 4 23 62 1 52 20 40 35 4 36 14 45 20 91 4 37 91 73 85 85 49 97 46 34 80 77 84 73 42 61 55 95 52 85 93 7 6 91 22 95 34 85 41 28 58 85 25 14 94 97 7 34 70 93 49 70 22 31 76 67 16 64 49 16 16 50 64 91
100 3
75 76 91 88 54 40 85 23 41 20 55 92 71 70 94 44 80 67 86 64 16 70 1 37 79 13 83 94 29 13 38 7 72 24 34 25 86 82 2 92 22 41 83 27 29 82 91 16 64 24 64 7 31 28 80 75 58 52 46 73 22 52 24 19 88 1 88 10 70 26 97 73 33 25 19 52 67 82 62 7 37 55 17 49 53 62 61 38 28 26 58 52 28 5 34 6 9 70 5 37
100 3
74 30 38 59 59 65 41 73 47 32 27 95 20 6 81 5 10 72 23 80 92 97 72 85 79 47 88 12 49 70 47 95 44 26 69 14 79 1 73 22 35 29 97 10 73 32 65 34 89 40 47 65 44 8 56 2 17 53 64 5 2 97 82 67 20 80 33 89 52 14 32 51 2 41 41 71 67 91 95 77 32 71 71 76 91 65 39 62 86 40 52 20 19 20 41 88 8 77 68 35
100 3
22 59 59 65 88 24 82 60 1 61 5 17 73 89 76 50 22 71 14 76 64 56 91 26 12 83 23 87 91 89 77 23 68 4 94 80 26 7 27 92 96 34 23 79 98 4 95 80 50 77 35 77 1 88 82 86 97 37 3 50 10 92 65 55 89 64 85 83 50 35 89 56 50 55 23 55 92 23 29 5 5 68 71 35 41 92 19 86 62 68 10 44 86 83 65 10 74 44 83 79
100 3
73 16 41 10 85 25 1 34 77 91 79 80 55 76 43 79 98 21 79 7 52 85 83 73 85 10 85 32 65 11 79 61 67 8 44 94 5 98 22 71 95 1 49 38 82 95 28 64 47 94 57 1 2 1 34 53 4 94 26 28 9 7 44 67 16 25 42 47 55 24 74 40 26 41 55 34 13 7 49 41 74 8 75 82 91 38 8 19 56 14 22 4 73 10 94 58 43 22 23 91
100 3
35 7 97 76 82 5 68 89 62 5 61 73 14 16 11 73 98 40 10 64 91 13 20 8 38 44 58 20 26 74 44 35 5 80 17 82 58 47 70 61 1 4 31 47 55 53 41 76 76 37 31 70 95 73 94 86 70 16 64 58 77 64 41 92 10 89 1 52 64 40 97 4 1 56 29 44 88 56 70 29 22 31 85 38 59 55 83 14 70 40 5 28 29 82 74 28 43 71 82 53
14 3
13 20 59 74 20 86 17 5 7 73 80 11 1 43
100 3
62 69 29 66 16 2 76 55 53 19 55 61 40 26 52 84 80 73 10 4 89 67 91 88 65 16 85 71 31 67 2 94 91 29 31 42 43 46 73 47 42 53 76 76 41 22 34 84 88 37 10 58 13 16 76 20 28 5 32 65 4 63 40 11 7 67 44 56 80 74 70 71 26 14 95 20 44 37 4 37 25 61 1 24 13 97 47 76 7 61 92 41 42 13 4 34 76 76 64 12
100 3
12 34 91 73 31 87 68 16 52 2 82 22 35 55 28 22 50 27 16 71 4 62 80 22 95 61 10 61 29 82 4 85 65 93 11 14 28 43 7 84 53 22 79 54 70 28 43 13 64 28 81 73 29 5 7 79 34 91 70 5 67 45 13 61 53 28 16 20 70 37 5 89 44 42 71 64 74 53 20 26 44 22 88 70 50 77 30 2 5 28 40 35 34 22 83 28 71 79 68 65
18 2
6 47 28 15 33 50 86 74 76 74 26 6 36 16 21 97 1 7
2 3
85 10
17 2
32 78 51 58 25 78 88 44 96 83 28 24 6 38 31 31 37
100 3
89 82 1 26 49 96 98 52 71 73 89 43 16 28 37 74 68 67 38 52 8 88 83 86 13 46 16 43 28 28 31 28 16 67 41 97 59 28 89 46 82 62 35 61 48 8 20 91 37 98 59 85 40 74 97 19 10 88 95 43 8 4 91 92 16 98 43 11 32 5 64 10 76 56 43 5 24 50 70 46 13 7 82 31 13 82 6 49 93 46 73 82 63 15 70 34 5 34 25 76
100 3
2 80 68 3 6 26 32 90 62 35 56 71 8 55 53 56 83 51 2 11 51 52 8 53 92 61 53 53 74 23 29 23 62 70 51 97 26 26 56 23 86 50 7 56 56 69 75 35 70 71 71 86 1 71 35 2 23 71 43 86 53 62 78 41 11 95 34 56 47 58 65 74 88 47 73 44 48 54 87 76 19 41 73 68 5 41 97 11 37 86 41 39 62 40 5 19 65 97 83 25
100 3
24 67 65 55 94 76 76 96 73 31 20 4 79 1 19 86 52 13 73 79 58 36 57 61 5 19 76 47 85 59 96 46 55 23 30 34 50 91 15 61 65 83 61 46 30 75 85 64 36 63 94 84 59 82 1 71 65 19 6 96 68 23 94 65 43 69 11 11 79 40 80 32 14 58 58 85 1 41 64 55 57 38 86 37 74 49 95 37 20 58 94 31 42 16 67 22 64 55 49 16
100 3
77 83 52 41 67 85 61 82 79 24 2 36 86 40 72 58 68 81 27 22 22 58 52 35 25 50 60 17 38 1 44 40 72 43 76 52 55 24 52 43 55 98 94 67 28 45 16 7 7 65 95 31 32 76 31 59 15 38 43 82 32 88 82 17 33 67 11 2 67 61 14 38 25 70 91 79 5 79 4 62 4 46 64 65 48 24 74 97 87 92 46 74 5 76 55 85 37 76 44 82
11 3
69 82 37 29 19 17 62 82 64 89 8
100 3
8 8 83 18 95 51 35 19 77 77 85 8 14 86 86 93 84 97 62 67 26 1 44 17 31 59 62 39 56 74 28 96 23 48 62 41 76 14 53 23 55 8 37 41 32 44 16 33 69 32 73 3 41 20 58 50 72 16 97 31 29 12 98 7 71 90 65 73 68 55 52 11 23 60 6 73 77 23 56 5 73 94 82 39 8 7 7 68 13 61 53 20 14 5 2 28 97 23 69 61
2 3
11 32
100 3
52 41 38 24 22 91 73 46 64 19 40 37 92 83 29 82 32 67 66 68 80 95 86 52 95 91 88 4 65 1 83 73 67 98 19 2 49 41 25 69 70 65 26 93 76 10 31 67 84 5 82 10 7 94 89 18 3 22 58 17 88 52 16 68 7 16 91 71 75 7 82 19 14 91 19 41 76 77 70 89 4 94 97 78 4 93 8 16 41 64 88 28 16 61 58 7 88 62 79 6
100 3
35 22 32 8 44 47 53 86 46 50 94 92 91 65 92 22 14 10 61 65 52 38 66 70 38 22 31 18 16 59 97 32 46 9 14 46 40 61 71 13 17 86 74 35 79 20 58 71 16 83 10 1 97 71 28 92 34 75 14 6 17 27 47 5 37 68 37 80 95 62 74 11 52 11 13 85 92 2 91 11 1 71 47 18 14 73 95 5 54 17 43 90 5 14 96 16 65 25 11 64
100 3
83 27 7 2 86 38 8 49 91 48 66 32 67 23 50 90 44 77 92 35 22 98 32 74 98 95 14 94 11 2 64 47 39 42 34 86 17 94 77 88 94 13 85 62 56 85 47 56 2 68 73 74 38 62 56 48 12 88 79 4 44 29 88 36 86 73 31 38 95 32 32 91 70 8 41 83 20 74 97 81 59 82 86 58 65 13 46 98 97 83 53 73 10 93 80 74 4 91 47 16
100 3
71 29 2 31 50 31 58 14 89 68 95 35 74 3 64 71 35 56 86 4 56 17 73 16 66 17 95 20 71 92 67 68 7 9 37 47 95 71 62 23 68 2 37 10 11 35 5 56 89 29 64 71 77 29 62 70 66 92 76 87 29 68 20 91 30 92 26 97 80 35 44 31 55 56 70 92 95 25 53 40 80 57 22 58 23 19 32 68 70 97 31 69 56 29 2 53 95 2 28 53
100 3
16 62 52 28 28 58 90 77 76 19 43 34 67 4 96 15 76 82 88 52 22 46 24 64 64 67 58 1 15 53 91 43 45 44 28 61 64 54 86 79 76 97 73 46 40 3 36 95 1 26 79 19 37 22 10 13 83 58 55 49 40 53 65 17 32 70 70 52 46 76 55 49 43 10 44 95 61 80 32 93 67 58 97 94 21 5 16 6 67 88 77 19 14 80 37 11 72 95 3 67
1 3
15
100 3
5 50 8 98 58 55 85 22 76 32 46 55 31 73 82 67 37 37 19 90 32 85 46 40 85 47 25 91 64 61 94 19 55 53 65 13 43 16 89 56 73 94 2 20 89 98 37 89 98 26 48 97 67 97 94 47 73 4 46 64 5 61 70 61 45 39 88 10 16 68 74 34 7 6 25 10 13 82 46 53 45 59 1 79 83 1 1 55 25 22 86 62 32 94 51 62 50 37 97 82
100 3
80 29 1 89 35 68 21 40 11 58 61 67 13 93 88 67 73 31 83 97 80 40 40 60 34 28 57 79 98 70 22 52 75 14 98 42 81 44 4 38 37 77 23 16 11 40 2 7 2 29 34 74 20 52 49 71 28 73 22 91 50 97 37 28 67 86 55 86 87 56 7 31 16 14 1 43 11 67 68 55 10 97 19 10 97 1 59 2 95 1 16 41 17 92 25 82 31 34 79 58
100 3
37 49 22 35 20 52 90 14 98 26 25 70 76 54 77 88 82 69 5 64 97 91 46 20 35 13 86 64 95 73 98 40 4 62 68 43 89 19 1 22 31 85 78 31 5 6 55 29 70 72 34 79 80 86 28 32 62 97 50 44 16 50 84 65 37 37 71 89 28 89 98 7 73 10 43 52 55 32 74 61 41 11 35 43 92 45 97 85 2 89 25 14 30 54 65 91 32 10 46 77
100 3
60 7 27 46 76 59 94 1 49 25 64 5 28 58 94 61 37 10 65 54 64 77 58 79 93 26 28 61 89 26 71 83 94 76 68 29 70 76 80 1 9 88 1 84 31 90 49 93 63 29 34 37 37 91 21 1 22 39 82 3 63 79 43 2 52 28 49 79 4 40 94 64 7 88 7 52 98 25 46 25 7 34 25 17 14 82 71 49 37 94 20 58 61 23 74 89 73 88 17 90
15 3
89 62 59 61 65 90 16 49 18 42 19 63 58 18 65
100 3
62 98 26 41 1 14 29 74 55 69 7 14 32 95 53 91 92 68 36 23 80 66 98 85 5 37 56 84 51 2 80 38 96 20 43 67 77 20 27 97 98 65 13 61 95 83 52 38 83 97 26 29 47 68 14 5 11 88 80 32 47 98 53 29 52 46 97 54 20 18 47 83 32 59 53 59 92 14 71 80 23 26 20 86 77 85 62 56 61 28 17 47 97 8 12 68 77 77 47 10
100 3
50 43 96 85 73 18 42 26 55 88 37 64 22 94 1 18 16 94 22 45 40 95 27 73 62 58 20 7 34 72 58 5 37 17 1 40 74 22 34 4 97 24 76 49 25 88 16 22 98 31 10 67 28 71 37 28 10 3 59 19 84 58 87 92 37 89 22 10 85 90 28 48 12 8 63 45 65 91 46 77 64 1 11 4 7 50 77 67 75 1 5 22 52 67 14 88 73 94 44 89
100 3
91 97 10 49 25 82 87 29 76 96 1 37 46 90 34 20 70 64 87 76 34 35 97 63 21 47 16 22 64 2 79 10 82 70 2 16 88 46 79 92 25 97 74 40 13 58 4 14 28 18 37 44 29 43 85 73 24 13 26 31 35 49 37 53 98 28 43 44 85 16 70 22 81 40 25 92 95 70 65 7 14 67 45 37 55 90 41 58 41 42 46 16 7 36 31 97 64 29 28 52
100 3
16 65 20 65 34 29 59 8 9 65 79 14 28 35 38 71 8 35 35 20 89 68 38 85 41 50 22 95 86 28 65 71 52 31 25 29 98 71 56 63 53 55 43 3 76 46 23 7 2 43 55 25 95 23 80 76 38 31 84 2 59 28 76 26 89 11 17 26 30 74 72 65 83 67 17 17 40 83 41 39 20 28 44 56 94 55 62 8 29 89 15 32 10 50 84 61 74 31 11 56
100 3
32 28 40 26 59 47 79 4 21 59 90 61 85 55 28 82 31 24 1 16 88 85 92 1 13 22 37 27 98 31 19 29 7 28 98 64 82 71 10 73 31 24 82 7 91 94 52 65 95 97 64 8 52 1 17 70 74 55 43 34 23 46 33 92 31 70 82 29 32 8 37 31 22 32 37 82 37 7 73 40 49 70 13 4 80 70 55 27 61 19 14 10 82 83 92 29 85 64 82 4
100 3
82 5 55 1 62 95 35 34 22 22 37 67 43 91 25 5 89 83 19 31 67 53 16 64 17 34 85 11 58 1 7 46 62 44 70 29 1 64 67 76 5 33 65 56 44 92 43 40 22 38 82 35 91 81 1 37 20 46 77 64 43 80 3 79 47 21 81 16 4 95 53 13 40 3 42 13 35 88 91 13 7 4 64 72 67 82 52 69 32 59 4 19 44 67 12 38 71 55 55 5
100 3
16 55 50 1 26 49 58 4 73 25 77 16 76 17 58 38 49 79 25 58 6 5 29 98 25 22 89 20 37 84 9 76 61 92 25 58 17 74 61 22 56 60 52 76 46 91 85 65 49 7 41 23 46 65 94 21 48 85 74 50 89 17 79 38 4 64 88 31 47 59 27 60 26 58 20 46 10 68 86 52 79 93 61 18 95 94 82 83 88 91 2 74 55 67 10 24 97 52 23 85
100 3
28 62 86 50 82 13 56 27 46 2 47 45 5 22 45 76 20 92 91 32 11 19 77 41 22 83 25 23 74 35 46 35 53 11 41 60 26 98 8 56 98 71 74 10 36 38 21 89 59 86 32 97 41 34 83 47 91 98 44 75 16 89 1 65 98 11 47 91 2 32 53 29 83 65 86 70 32 82 30 4 83 38 80 34 64 62 35 88 8 16 44 65 83 56 43 11 98 71 35 74
100 3
86 4 53 13 91 43 91 62 37 2 70 92 8 64 27 46 11 5 93 22 4 15 74 82 27 26 55 52 97 25 43 86 76 2 62 73 67 16 61 11 61 13 28 49 4 97 1 43 82 87 4 40 66 7 22 72 52 94 80 61 65 94 10 47 74 1 24 9 35 31 30 67 2 40 29 28 86 24 77 32 50 22 79 61 35 16 37 46 40 22 17 82 91 20 94 93 16 61 19 34
1 2
78
100 3
23 59 55 79 77 95 34 80 29 76 11 49 97 63 37 30 72 78 38 11 83 63 38 5 19 20 59 93 77 59 25 98 93 19 55 83 86 68 80 21 86 15 5 41 5 76 8 65 31 84 8 79 8 65 62 68 10 2 49 17 92 85 53 8 5 40 2 11 31 1 28 56 91 17 9 89 11 51 50 20 49 23 68 35 74 64 56 83 5 65 57 26 6 56 34 67 26 53 71 29
2 2
55 63
1 3
37
20 3
34 10 10 74 28 58 55 49 65 38 55 62 16 35 37 19 67 13 10 9
100 3
92 17 17 74 82 70 8 49 5 44 6 44 20 43 31 86 5 38 86 60 20 1 46 86 5 98 82 95 50 31 14 17 35 44 23 43 35 62 23 29 37 62 98 67 1 17 8 53 67 64 41 22 62 74 73 26 68 77 2 70 40 55 86 68 71 74 3 55 34 46 41 29 89 26 71 44 16 37 50 49 17 11 11 65 49 47 49 27 26 53 77 84 61 91 41 53 38 47 65 20
100 3
36 44 46 77 53 82 52 82 52 29 2 38 22 4 72 5 70 70 25 29 31 85 29 54 5 46 59 74 37 37 19 32 83 98 67 38 10 64 40 61 55 34 78 7 49 86 34 27 55 79 79 36 66 34 37 87 10 14 34 53 86 13 25 10 67 35 73 31 64 23 82 7 16 46 7 49 55 61 70 59 74 88 82 10 55 97 76 59 52 28 94 4 30 40 13 16 73 19 22 98
100 3
22 1 7 76 28 83 89 40 58 83 25 83 67 20 89 46 71 92 70 88 22 64 59 58 82 75 32 91 83 97 67 84 23 16 11 2 16 70 67 50 57 82 19 96 61 25 43 94 79 85 37 82 74 85 73 42 97 79 52 74 22 46 51 23 25 31 50 28 28 12 22 37 85 40 31 38 13 58 98 14 33 28 79 47 71 97 41 52 7 26 91 73 4 92 65 98 73 65 38 31
100 3
91 35 64 52 56 55 4 75 73 4 43 40 1 46 86 15 13 88 19 88 13 49 7 49 77 67 50 81 16 91 5 98 73 77 79 1 91 70 73 64 91 79 16 40 41 69 96 22 34 10 10 85 62 37 4 29 32 97 17 37 79 23 56 26 64 70 19 68 78 92 75 98 9 31 69 83 21 78 31 14 98 82 27 1 19 40 28 19 82 51 55 76 16 2 50 65 40 66 64 16
100 3
7 16 29 22 71 16 47 67 28 79 82 62 26 79 85 73 85 5 16 22 61 15 4 4 22 1 52 10 7 7 88 40 23 31 37 16 39 4 61 55 88 63 61 80 10 25 13 70 49 34 37 65 44 88 7 59 61 55 64 20 25 7 16 73 7 29 94 42 61 95 19 37 58 38 97 61 81 59 76 64 98 13 98 10 7 25 79 79 19 56 42 92 79 64 73 25 6 9 85 59
100 3
52 14 52 65 69 67 29 73 44 68 33 35 10 79 98 19 28 94 89 7 22 67 68 86 13 7 40 10 58 32 82 4 41 16 5 85 76 41 61 20 13 79 88 55 65 35 58 70 44 93 87 82 73 22 89 40 16 13 58 10 82 7 34 84 49 40 43 61 76 34 8 97 29 85 73 97 58 46 77 85 22 58 1 16 70 1 58 67 94 43 61 85 23 40 49 67 64 76 64 94
100 3
80 17 42 77 97 44 25 61 74 92 81 56 2 40 12 40 5 92 3 62 60 7 25 47 56 41 53 88 46 41 77 25 70 80 30 34 95 35 8 96 52 77 2 75 44 87 44 15 86 88 13 83 26 35 47 92 80 76 10 55 45 28 91 43 46 13 87 25 74 23 83 34 23 10 72 3 95 95 61 95 10 28 7 53 59 97 90 35 77 80 14 83 83 2 53 97 14 90 17 19
100 3
33 75 74 71 62 71 2 95 95 16 14 17 7 77 29 89 47 98 68 50 26 83 14 58 5 50 25 32 2 52 32 22 85 1 41 10 47 92 6 5 42 55 74 8 14 58 41 14 47 14 84 94 14 44 14 44 55 56 55 77 34 2 94 1 40 80 23 40 79 23 53 34 23 49 1 2 23 70 95 92 59 53 52 17 29 83 38 70 6 59 23 47 95 47 45 64 8 74 88 74
100 3
38 17 68 7 71 71 73 2 48 70 29 80 59 17 89 4 8 14 17 29 64 43 94 50 5 19 32 58 14 42 25 80 87 20 21 7 83 44 35 34 5 87 7 70 27 53 29 20 4 14 58 71 11 45 44 50 6 88 65 49 95 92 64 21 16 62 26 17 14 85 32 83 77 23 14 41 23 5 97 83 8 17 7 59 52 64 20 44 47 17 5 44 80 29 40 68 70 47 46 20
3 3
98 53 8
100 3
50 55 92 19 14 53 94 46 25 94 46 45 13 56 79 28 94 8 19 34 1 93 4 89 36 4 67 54 7 85 13 82 88 31 47 22 49 39 64 97 45 88 49 44 53 7 35 5 31 52 34 76 85 40 24 95 91 70 55 61 52 95 70 43 43 23 10 37 97 37 10 28 39 77 49 38 79 95 61 95 48 74 29 46 79 28 28 10 61 57 80 17 33 4 8 85 67 66 13 46
12 3
16 47 46 17 89 73 98 1 29 43 26 43
100 3
5 38 92 56 3 56 29 97 73 88 23 44 40 7 56 92 96 15 71 2 44 19 92 92 29 38 55 34 17 30 5 11 11 62 4 37 47 71 20 58 66 98 23 88 98 73 65 62 44 86 77 50 67 56 72 32 41 50 59 92 64 8 86 44 8 2 5 50 55 65 53 20 69 83 46 10 34 28 35 53 25 52 11 83 38 65 64 59 46 40 15 42 29 22 81 4 44 80 85 33
100 3
79 53 26 59 58 91 32 50 10 92 68 31 68 81 31 92 2 89 41 44 53 8 80 5 22 59 80 92 83 47 62 4 41 88 17 92 92 16 47 22 23 88 29 13 83 5 35 62 6 3 46 74 83 31 34 34 71 53 55 29 95 17 32 92 8 62 33 2 36 41 21 61 98 5 95 1 1 74 56 26 51 29 47 71 58 56 23 4 35 80 33 92 47 17 82 71 4 50 89 29
18 3
4 46 31 16 71 61 92 98 77 5 53 59 60 10 80 62 40 70
100 3
20 91 77 9 19 38 82 38 80 20 28 1 29 74 38 29 55 74 31 59 67 55 92 83 35 75 35 71 37 86 83 20 23 86 35 87 25 62 59 68 2 47 73 45 38 23 85 50 23 87 38 20 91 33 29 38 45 43 43 31 86 77 26 31 34 58 1 13 36 55 38 29 56 85 5 75 1 23 42 50 77 38 8 79 37 68 28 80 4 62 29 26 61 80 35 71 43 35 16 28
100 3
53 25 86 89 19 52 59 70 85 7 57 19 64 70 43 18 83 3 23 49 22 61 31 2 8 64 94 82 7 22 37 95 1 55 43 1 76 76 91 59 73 28 19 12 94 67 19 65 30 22 89 46 77 79 50 34 76 85 59 52 64 82 76 94 25 16 88 79 10 64 88 35 31 25 16 37 84 7 37 92 97 86 79 49 91 19 83 24 4 55 61 61 43 37 38 35 8 37 42 76
15 3
73 77 98 28 91 98 70 83 31 16 89 46 61 82 51
100 3
20 58 70 91 14 35 94 76 67 88 55 1 61 31 37 31 44 10 97 65 49 64 33 76 71 89 2 9 97 11 61 82 10 73 5 86 27 23 85 76 91 85 8 2 4 5 79 31 26 7 19 70 64 34 14 52 2 97 61 43 59 85 38 54 7 43 48 25 76 18 22 82 58 49 59 98 32 13 15 20 89 79 5 29 94 10 4 83 70 85 34 65 2 73 82 7 47 34 85 70
100 3
46 95 86 32 20 79 65 85 47 31 44 90 35 13 44 95 86 3 41 50 68 83 52 52 38 38 10 21 4 71 94 89 58 14 20 17 55 68 20 26 92 64 8 38 20 88 67 22 52 14 92 71 46 2 49 31 11 1 8 63 61 32 61 93 52 71 7 56 35 83 95 62 14 62 83 78 49 20 50 23 76 64 74 68 95 23 91 4 2 88 35 41 35 54 9 53 82 15 89 55
100 3
27 98 53 43 59 49 65 52 8 94 11 4 97 14 87 2 56 35 25 2 52 36 89 17 50 1 56 68 18 37 98 89 35 69 69 62 77 23 18 93 91 8 21 35 35 2 44 13 2 49 23 14 11 31 76 11 91 41 43 2 79 59 51 3 68 68 53 52 89 91 86 76 20 11 32 91 86 42 53 77 54 64 58 28 23 92 57 68 1 12 47 66 37 32 41 14 68 94 11 89
100 3
62 67 64 2 1 27 25 45 45 38 21 72 18 87 27 57 90 35 70 87 68 79 23 14 49 25 96 84 9 34 54 95 81 92 5 13 94 43 66 94 23 14 38 82 97 34 3 71 55 41 85 37 46 29 77 91 52 6 89 66 69 85 26 23 60 56 67 93 18 58 67 54 71 53 36 20 56 9 14 47 33 17 48 5 73 28 76 75 26 8 59 64 81 89 40 16 58 56 60 15
100 3
23 43 59 31 83 13 97 65 53 43 92 26 54 60 83 71 16 59 83 43 65 59 70 1 90 80 65 47 88 23 31 14 12 59 2 56 29 23 80 41 59 71 42 56 24 32 32 66 76 74 17 41 34 52 68 46 55 95 73 36 43 41 17 38 43 38 49 16 14 50 16 8 94 11 44 83 89 37 86 47 71 68 53 7 38 26 97 57 35 60 11 32 77 35 59 1 2 11 14 55
100 3
94 94 52 80 2 71 8 22 77 63 83 56 56 60 52 52 85 65 51 83 56 26 38 67 8 41 64 47 77 4 95 41 33 98 86 38 7 11 20 83 28 74 44 17 62 25 12 17 40 98 50 53 35 46 59 53 35 38 97 32 1 76 85 52 89 89 77 17 34 56 61 68 26 80 28 23 20 26 58 77 50 28 16 46 57 75 50 89 2 92 84 86 11 44 20 84 38 43 83 4
15 3
2 29 88 67 98 58 38 37 46 41 10 67 25 59 32
100 3
85 41 91 95 52 73 49 13 64 95 73 35 88 70 91 35 94 85 19 58 11 5 18 3 34 26 46 97 48 58 38 46 19 4 88 46 62 65 82 48 19 80 10 25 64 58 57 16 41 20 19 44 23 64 8 52 58 85 14 98 5 39 45 52 13 74 34 48 45 47 72 13 85 7 58 13 49 91 17 25 86 67 55 86 55 89 7 40 52 64 73 78 86 50 18 88 35 4 98 82
100 3
91 85 86 60 94 81 20 79 71 38 97 94 31 56 4 14 79 75 20 35 58 40 40 79 26 7 43 91 8 20 49 92 76 29 52 52 24 95 90 34 23 16 13 1 72 67 55 16 20 71 58 58 68 94 67 5 40 16 41 25 19 13 48 44 83 39 87 76 80 38 29 31 1 65 47 60 55 40 18 7 25 91 22 34 68 4 55 4 44 58 67 50 81 71 56 18 46 18 3 18
100 3
8 10 12 95 73 22 37 7 59 12 83 85 80 75 31 89 31 55 70 38 42 47 25 65 55 50 28 29 36 29 75 33 50 11 92 59 41 68 80 1 80 34 59 46 67 76 23 65 58 95 38 94 46 57 26 24 17 55 89 64 31 53 80 98 23 44 23 37 63 61 98 26 32 93 44 97 12 36 65 88 60 59 20 58 29 17 59 23 94 71 79 10 85 38 23 11 6 32 71 74
100 3
19 76 82 55 85 20 55 42 83 79 48 56 79 82 55 26 50 47 46 1 85 10 82 5 76 33 92 37 82 67 79 16 20 1 19 20 6 61 89 52 76 77 65 47 34 58 7 82 31 46 79 61 76 76 49 53 79 79 56 41 89 36 34 17 88 74 65 96 7 64 51 23 1 80 76 58 43 88 97 10 19 64 88 71 88 8 55 33 49 22 34 8 97 52 29 98 83 88 34 22
100 2
32 58 46 36 92 83 56 17 73 35 50 44 60 23 21 64 74 74 77 39 45 24 19 17 20 29 80 85 33 72 16 17 32 42 70 46 82 97 79 96 25 45 32 44 31 73 49 44 13 34 59 23 69 27 2 72 95 94 45 23 63 53 68 58 68 8 57 1 90 89 58 67 37 93 98 30 98 5 60 87 55 95 42 39 98 72 71 2 84 43 21 45 2 87 18 84 83 54 76 39
100 3
82 43 7 26 62 95 46 53 5 39 8 92 94 77 81 68 56 35 71 28 59 97 94 29 71 23 98 27 91 2 75 47 35 50 26 91 70 40 98 83 2 80 7 26 11 29 84 30 20 2 74 76 59 74 77 29 65 71 61 32 52 16 38 67 95 96 17 44 38 80 56 67 27 20 36 13 68 76 82 98 22 20 62 25 55 41 40 80 77 21 80 16 20 14 30 65 46 53 52 5
20 3
85 19 60 6 89 1 80 97 88 88 7 32 76 37 49 11 85 74 11 43
100 3
35 11 95 65 29 29 41 95 44 5 17 59 83 80 32 14 88 55 23 2 19 14 20 64 2 26 91 56 5 52 34 86 11 56 91 78 85 84 47 16 19 84 74 77 94 94 89 16 38 74 26 50 19 93 37 54 80 68 38 65 41 62 86 23 80 5 2 95 74 98 67 84 8 26 94 61 80 44 29 98 87 5 82 70 71 97 96 50 82 95 1 34 43 11 26 13 83 20 56 34
100 3
83 8 38 93 92 95 3 67 75 85 23 35 4 68 65 29 56 11 59 77 14 89 49 68 98 75 90 65 44 17 31 86 32 38 13 17 50 2 55 35 96 10 6 89 8 57 38 53 28 11 8 59 51 38 52 35 21 56 8 50 31 29 17 44 17 68 41 26 64 40 89 36 65 15 26 26 10 43 56 91 74 17 93 5 92 2 93 56 19 47 66 14 37 98 19 70 86 36 86 10
100 3
55 48 65 2 30 25 27 13 28 73 25 35 96 76 7 63 26 37 94 39 11 80 97 52 30 2 8 46 64 76 37 19 4 73 24 60 41 23 14 38 76 95 79 79 51 93 46 41 61 11 67 78 98 47 25 49 28 91 73 22 20 4 10 95 11 61 16 8 46 46 60 85 43 17 94 44 96 65 50 10 22 61 43 60 89 85 64 5 16 29 10 28 54 27 70 5 4 40 20 45
